755232
901311
71580
130468
20936
934198
4380
743093
375842
165887
35605
83821
973889
811472
452825
92479
262839
133630
986376
474355
864931
467662
795764
955583
236359
760507
382043
513934
408786
431610
642468
543761
860551
745403
909019
560977
380170
307150
354636
305022
777729
808813
47872
383085
518901
352274
940614
299351
662815
715498
90549
261317
798188
88480
605337
214767
28951
801411
68683
993289
561589
452019
124644
359821
807800
440073
398386
759889
576423
100636
608840
241962
15181
844198
900805
469575
538836
977009
743647
923938
70624
613396
467306
538097
525792
47320
328499
708462
406676
457339
454132
96083
11566
59495
240501
178730
859034
885465
403577
947442
